,Day,Weekday,Race Number,Post Position,M/L Odds,Finish,Final Odds,Change In Odds
0,1,Friday,1,1,3.5,1,1.88,1.62
1,1,Friday,1,2,15.0,6,12.46,2.54
2,1,Friday,1,3,4.5,7,6.91,2.41
4,1,Friday,1,5,12.0,3,6.56,5.44
6,1,Friday,1,7,6.0,4,9.39,3.39
7,1,Friday,1,8,6.0,2,2.99,3.01
8,1,Friday,1,9,2.5,5,5.07,2.57
9,1,Friday,2,1,20.0,5,14.21,5.79
10,1,Friday,2,2,30.0,3,31.84,1.84
11,1,Friday,2,3,6.0,2,5.85,0.15
14,1,Friday,2,6,20.0,6,17.75,2.25
15,1,Friday,2,7,12.0,9,47.19,35.19
16,1,Friday,2,8,30.0,8,23.72,6.28
18,1,Friday,2,10,15.0,7,8.35,6.65
19,1,Friday,2,11,10.0,4,21.01,11.01
20,1,Friday,2,12,4.0,1,0.46,3.54
22,1,Friday,3,1,3.0,3,5.45,2.45
23,1,Friday,3,2,12.0,4,13.31,1.31
24,1,Friday,3,3,2.0,1,2.5,0.5
25,1,Friday,3,4,20.0,9,62.94,42.94
26,1,Friday,3,5,6.0,6,3.32,2.68
27,1,Friday,3,6,4.0,2,2.69,1.31
28,1,Friday,3,7,20.0,7,32.65,12.65
29,1,Friday,3,8,8.0,8,11.55,3.55
30,1,Friday,3,9,15.0,5,17.48,2.48
32,1,Friday,4,1,3.0,1,2.8,0.2
33,1,Friday,4,2,20.0,6,60.78,40.78
34,1,Friday,4,3,15.0,8,23.41,8.41
35,1,Friday,4,4,20.0,7,36.93,16.93
36,1,Friday,4,5,6.0,5,16.53,10.53
37,1,Friday,4,6,10.0,2,3.55,6.45
38,1,Friday,4,7,4.0,9,6.54,2.54
40,1,Friday,4,9,3.5,4,6.21,2.71
41,1,Friday,4,10,8.0,3,2.36,5.64
42,1,Friday,5,1,6.0,4,13.72,7.72
44,1,Friday,5,3,15.0,2,12.9,2.1
45,1,Friday,5,4,20.0,3,25.37,5.37
46,1,Friday,5,5,8.0,1,2.31,5.69
47,1,Friday,5,6,15.0,10,29.12,14.12
48,1,Friday,5,7,4.5,6,3.29,1.21
49,1,Friday,5,8,20.0,11,82.34,62.34
50,1,Friday,5,9,30.0,7,66.04,36.04
51,1,Friday,5,10,15.0,8,9.01,5.99
52,1,Friday,5,11,8.0,5,3.8,4.2
53,1,Friday,5,12,4.0,9,8.05,4.05
55,1,Friday,6,1,20.0,3,49.79,29.79
57,1,Friday,6,3,2.5,4,1.57,0.93
58,1,Friday,6,4,50.0,6,80.4,30.4
59,1,Friday,6,5,1.8,5,1.21,0.59
60,1,Friday,6,6,8.0,1,5.78,2.22
61,1,Friday,6,7,6.0,2,5.66,0.34
62,1,Friday,6,8,12.0,7,44.63,32.63
63,1,Friday,7,1,30.0,3,21.09,8.91
65,1,Friday,7,3,8.0,1,4.45,3.55
66,1,Friday,7,4,4.5,2,1.95,2.55
67,1,Friday,7,5,10.0,8,15.43,5.43
68,1,Friday,7,6,30.0,4,64.01,34.01
71,1,Friday,7,9,2.5,6,1.82,0.68
73,1,Friday,7,11,10.0,7,10.69,0.69
74,1,Friday,7,12,20.0,5,8.27,11.73
75,1,Friday,8,1,12.0,11,9.88,2.12
76,1,Friday,8,2,5.0,8,25.98,20.98
77,1,Friday,8,3,20.0,3,31.75,11.75
78,1,Friday,8,4,10.0,1,13.41,3.41
79,1,Friday,8,5,15.0,12,14.42,0.58
80,1,Friday,8,6,4.0,9,4.22,0.22
81,1,Friday,8,7,8.0,4,33.51,25.51
82,1,Friday,8,8,4.5,5,3.38,1.12
83,1,Friday,8,9,15.0,7,43.89,28.89
84,1,Friday,8,10,12.0,6,5.13,6.87
85,1,Friday,8,11,8.0,10,8.74,0.74
86,1,Friday,8,12,10.0,2,5.23,4.77
89,1,Friday,9,1,6.0,4,1.64,4.36
90,1,Friday,9,2,30.0,5,55.11,25.11
91,1,Friday,9,3,4.0,1,9.45,5.45
92,1,Friday,9,4,8.0,8,17.06,9.06
93,1,Friday,9,5,10.0,6,53.75,43.75
94,1,Friday,9,6,3.0,2,4.63,1.63
95,1,Friday,9,7,2.0,3,2.02,0.02
96,1,Friday,9,8,8.0,7,7.52,0.48
97,1,Friday,10,1,8.0,3,5.04,2.96
98,1,Friday,10,2,4.0,2,4.42,0.42
99,1,Friday,10,3,6.0,10,4.92,1.08
100,1,Friday,10,4,8.0,4,19.9,11.9
101,1,Friday,10,5,12.0,8,14.74,2.74
102,1,Friday,10,6,20.0,11,57.07,37.07
103,1,Friday,10,7,3.5,6,3.37,0.13
104,1,Friday,10,8,30.0,7,89.56,59.56
105,1,Friday,10,9,4.5,5,3.72,0.78
106,1,Friday,10,10,15.0,9,42.55,27.55
108,1,Friday,10,12,15.0,1,13.51,1.49
111,2,Saturday,1,1,30.0,7,43.81,13.81
112,2,Saturday,1,2,20.0,6,22.19,2.19
113,2,Saturday,1,3,6.0,5,4.19,1.81
114,2,Saturday,1,4,8.0,2,18.92,10.92
115,2,Saturday,1,5,4.5,1,3.05,1.45
117,2,Saturday,1,7,2.5,3,1.99,0.51
118,2,Saturday,1,8,1.6,4,2.31,0.71
120,2,Saturday,2,2,10.0,1,3.64,6.36
121,2,Saturday,2,3,8.0,6,11.14,3.14
122,2,Saturday,2,4,0.8,2,3.43,2.63
123,2,Saturday,2,5,12.0,3,15.19,3.19
124,2,Saturday,2,6,4.5,4,1.48,3.02
125,2,Saturday,2,7,3.5,5,3.9,0.4
126,2,Saturday,3,1,30.0,11,66.79,36.79
127,2,Saturday,3,2,12.0,10,13.13,1.13
128,2,Saturday,3,3,8.0,5,6.12,1.88
129,2,Saturday,3,4,15.0,4,24.0,9.0
130,2,Saturday,3,5,5.0,2,6.48,1.48
131,2,Saturday,3,6,1.2,1,0.85,0.35
132,2,Saturday,3,7,12.0,6,10.51,1.49
133,2,Saturday,3,8,20.0,3,27.87,7.87
134,2,Saturday,3,9,50.0,8,88.58,38.58
135,2,Saturday,3,10,30.0,9,43.71,13.71
136,2,Saturday,3,11,15.0,7,88.59,73.59
137,2,Saturday,3,12,6.0,12,10.65,4.65
138,2,Saturday,4,1,1.2,7,0.87,0.33
139,2,Saturday,4,2,3.0,2,5.89,2.89
140,2,Saturday,4,3,20.0,5,76.26,56.26
141,2,Saturday,4,4,4.5,3,4.13,0.37
142,2,Saturday,4,5,15.0,4,20.38,5.38
143,2,Saturday,4,6,4.0,1,5.49,1.49
144,2,Saturday,4,7,12.0,6,8.69,3.31
145,2,Saturday,5,1,30.0,12,80.49,50.49
146,2,Saturday,5,2,6.0,1,3.88,2.12
148,2,Saturday,5,4,20.0,3,31.06,11.06
149,2,Saturday,5,5,30.0,10,45.07,15.07
150,2,Saturday,5,6,20.0,8,28.36,8.36
151,2,Saturday,5,7,6.0,6,9.62,3.62
152,2,Saturday,5,8,12.0,11,48.18,36.18
153,2,Saturday,5,9,3.5,7,2.34,1.16
154,2,Saturday,5,10,4.0,4,3.71,0.29
155,2,Saturday,5,11,4.5,9,10.26,5.76
156,2,Saturday,5,12,20.0,5,32.46,12.46
158,2,Saturday,5,14,6.0,2,5.99,0.01
159,2,Saturday,6,1,30.0,7,24.72,5.28
160,2,Saturday,6,2,4.0,3,1.99,2.01
162,2,Saturday,6,4,3.0,5,3.24,0.24
163,2,Saturday,6,5,20.0,6,28.73,8.73
164,2,Saturday,6,6,12.0,1,6.06,5.94
166,2,Saturday,6,8,8.0,4,7.01,0.99
167,2,Saturday,6,9,2.5,2,2.54,0.04
168,2,Saturday,7,1,8.0,5,5.88,2.12
169,2,Saturday,7,2,30.0,7,15.72,14.28
170,2,Saturday,7,3,15.0,3,10.77,4.23
171,2,Saturday,7,4,10.0,8,6.25,3.75
172,2,Saturday,7,5,4.5,9,7.28,2.78
173,2,Saturday,7,6,10.0,6,4.73,5.27
174,2,Saturday,7,7,20.0,12,78.81,58.81
175,2,Saturday,7,8,15.0,2,58.91,43.91
176,2,Saturday,7,9,4.0,1,6.52,2.52
177,2,Saturday,7,10,3.0,11,2.96,0.04
178,2,Saturday,7,11,20.0,4,34.24,14.24
179,2,Saturday,7,12,10.0,10,39.6,29.6
180,2,Saturday,8,1,6.0,4,8.64,2.64
181,2,Saturday,8,2,3.5,3,4.88,1.38
182,2,Saturday,8,3,8.0,6,13.39,5.39
183,2,Saturday,8,4,30.0,8,54.12,24.12
184,2,Saturday,8,5,10.0,5,16.37,6.37
185,2,Saturday,8,6,2.5,1,2.16,0.34
186,2,Saturday,8,7,20.0,7,5.23,14.77
187,2,Saturday,8,8,2.0,2,2.38,0.38
188,2,Saturday,9,1,15.0,3,21.65,6.65
189,2,Saturday,9,2,12.0,11,11.67,0.33
190,2,Saturday,9,3,3.5,2,2.21,1.29
191,2,Saturday,9,4,8.0,10,6.61,1.39
192,2,Saturday,9,5,20.0,5,33.52,13.52
193,2,Saturday,9,6,4.0,1,3.62,0.38
194,2,Saturday,9,7,10.0,7,48.06,38.06
195,2,Saturday,9,8,20.0,12,30.77,10.77
196,2,Saturday,9,9,8.0,6,13.65,5.65
197,2,Saturday,9,10,10.0,4,6.47,3.53
198,2,Saturday,9,11,6.0,9,9.47,3.47
199,2,Saturday,9,12,12.0,8,31.81,19.81
201,2,Saturday,10,1,15.0,6,12.41,2.59
202,2,Saturday,10,2,8.0,8,7.16,0.84
203,2,Saturday,10,3,20.0,7,19.9,0.1
204,2,Saturday,10,4,3.0,4,2.64,0.36
205,2,Saturday,10,5,20.0,10,42.72,22.72
206,2,Saturday,10,6,3.5,2,3.31,0.19
207,2,Saturday,10,7,30.0,9,57.32,27.32
208,2,Saturday,10,8,20.0,3,51.37,31.37
209,2,Saturday,10,9,30.0,5,181.11,151.11
210,2,Saturday,10,10,2.0,1,1.66,0.34
213,2,Saturday,11,2,20.0,7,18.1,1.9
214,2,Saturday,11,3,1.6,1,1.52,0.08
215,2,Saturday,11,4,4.0,2,6.18,2.18
216,2,Saturday,11,5,3.5,3,2.22,1.28
217,2,Saturday,11,6,6.0,6,11.74,5.74
218,2,Saturday,11,7,8.0,5,11.39,3.39
219,2,Saturday,11,8,10.0,4,6.45,3.55
220,3,Sunday,1,1,30.0,7,42.97,12.97
221,3,Sunday,1,2,6.0,5,5.93,0.07
222,3,Sunday,1,3,30.0,6,103.32,73.32
223,3,Sunday,1,4,8.0,8,5.73,2.27
224,3,Sunday,1,5,30.0,9,26.43,3.57
226,3,Sunday,1,7,20.0,10,48.59,28.59
227,3,Sunday,1,8,4.5,4,1.02,3.48
228,3,Sunday,1,9,30.0,11,112.55,82.55
229,3,Sunday,1,10,15.0,3,17.69,2.69
230,3,Sunday,1,11,4.0,2,3.31,0.69
231,3,Sunday,1,12,20.0,1,45.37,25.37
234,3,Sunday,2,1,30.0,1,7.3,22.7
235,3,Sunday,2,2,15.0,7,25.59,10.59
236,3,Sunday,2,3,4.0,2,2.43,1.57
237,3,Sunday,2,4,4.5,3,2.87,1.63
238,3,Sunday,2,5,12.0,4,15.49,3.49
239,3,Sunday,2,6,3.0,6,6.43,3.43
240,3,Sunday,2,7,8.0,5,2.47,5.53
242,3,Sunday,3,1,8.0,2,8.21,0.21
243,3,Sunday,3,2,12.0,8,52.88,40.88
244,3,Sunday,3,3,20.0,7,28.99,8.99
245,3,Sunday,3,4,6.0,6,6.37,0.37
246,3,Sunday,3,5,15.0,9,42.32,27.32
248,3,Sunday,3,7,3.5,5,5.63,2.13
249,3,Sunday,3,8,15.0,1,1.64,13.36
250,3,Sunday,3,9,30.0,10,52.09,22.09
251,3,Sunday,3,10,10.0,4,9.45,0.55
252,3,Sunday,3,11,4.5,3,3.38,1.12
253,3,Sunday,4,1,20.0,8,5.26,14.74
254,3,Sunday,4,2,2.0,6,1.33,0.67
255,3,Sunday,4,3,6.0,4,6.59,0.59
257,3,Sunday,4,5,30.0,7,52.81,22.81
258,3,Sunday,4,6,8.0,2,8.41,0.41
259,3,Sunday,4,7,10.0,3,17.16,7.16
260,3,Sunday,4,8,4.5,5,11.65,7.15
261,3,Sunday,4,9,3.0,1,3.71,0.71
262,3,Sunday,5,1,15.0,5,19.66,4.66
263,3,Sunday,5,2,20.0,12,56.65,36.65
264,3,Sunday,5,3,30.0,9,109.2,79.2
265,3,Sunday,5,4,3.5,1,2.07,1.43
266,3,Sunday,5,5,12.0,7,15.37,3.37
267,3,Sunday,5,6,8.0,3,9.16,1.16
268,3,Sunday,5,7,20.0,8,35.7,15.7
269,3,Sunday,5,8,4.5,4,9.13,4.63
270,3,Sunday,5,9,15.0,10,7.03,7.97
272,3,Sunday,5,11,2.5,2,2.23,0.27
273,3,Sunday,5,12,15.0,6,28.72,13.72
275,3,Sunday,5,14,20.0,11,25.0,5.0
279,3,Sunday,6,2,12.0,6,9.7,2.3
280,3,Sunday,6,3,6.0,9,8.04,2.04
281,3,Sunday,6,4,10.0,5,27.33,17.33
282,3,Sunday,6,5,2.0,1,1.23,0.77
283,3,Sunday,6,6,4.0,8,6.71,2.71
284,3,Sunday,6,7,8.0,12,12.91,4.91
285,3,Sunday,6,8,20.0,2,38.17,18.17
286,3,Sunday,6,9,8.0,7,9.01,1.01
287,3,Sunday,6,10,15.0,10,30.46,15.46
288,3,Sunday,6,11,30.0,11,73.64,43.64
289,3,Sunday,6,12,20.0,3,26.59,6.59
290,3,Sunday,6,13,12.0,4,9.54,2.46
294,3,Sunday,7,1,30.0,5,17.27,12.73
295,3,Sunday,7,2,30.0,10,74.63,44.63
296,3,Sunday,7,3,15.0,2,15.86,0.86
297,3,Sunday,7,4,2.5,4,1.77,0.73
298,3,Sunday,7,5,6.0,6,7.23,1.23
299,3,Sunday,7,6,12.0,1,7.75,4.25
300,3,Sunday,7,7,30.0,11,40.04,10.04
301,3,Sunday,7,8,3.5,8,5.25,1.75
302,3,Sunday,7,9,8.0,12,23.21,15.21
303,3,Sunday,7,10,20.0,7,14.71,5.29
304,3,Sunday,7,11,15.0,9,32.96,17.96
305,3,Sunday,7,12,4.5,3,5.7,1.2
308,3,Sunday,8,1,3.5,1,1.79,1.71
309,3,Sunday,8,2,6.0,2,8.71,2.71
310,3,Sunday,8,3,3.0,5,4.29,1.29
311,3,Sunday,8,4,20.0,4,31.53,11.53
312,3,Sunday,8,5,12.0,6,33.53,21.53
313,3,Sunday,8,6,1.0,3,1.07,0.07
314,3,Sunday,9,1,15.0,9,17.55,2.55
315,3,Sunday,9,2,4.0,2,3.81,0.19
316,3,Sunday,9,3,10.0,4,13.39,3.39
317,3,Sunday,9,4,20.0,10,36.54,16.54
318,3,Sunday,9,5,10.0,3,4.99,5.01
319,3,Sunday,9,6,12.0,8,14.79,2.79
320,3,Sunday,9,7,6.0,5,7.08,1.08
321,3,Sunday,9,8,3.0,7,2.46,0.54
322,3,Sunday,9,9,4.5,1,9.34,4.84
323,3,Sunday,9,10,30.0,11,71.48,41.48
324,3,Sunday,9,11,12.0,6,13.8,1.8
325,3,Sunday,9,12,30.0,12,77.83,47.83
332,4,Wednesday,1,3,2.0,3,0.73,1.27
333,4,Wednesday,1,4,4.0,4,3.78,0.22
334,4,Wednesday,1,5,12.0,2,17.7,5.7
335,4,Wednesday,1,6,30.0,6,19.68,10.32
336,4,Wednesday,1,7,15.0,7,20.69,5.69
337,4,Wednesday,1,8,15.0,5,13.19,1.81
338,4,Wednesday,1,9,6.0,1,4.32,1.68
339,4,Wednesday,2,1,2.0,1,1.13,0.87
340,4,Wednesday,2,2,20.0,5,8.79,11.21
341,4,Wednesday,2,3,30.0,4,24.6,5.4
342,4,Wednesday,2,4,20.0,12,36.23,16.23
343,4,Wednesday,2,5,10.0,9,28.38,18.38
344,4,Wednesday,2,6,6.0,8,9.09,3.09
345,4,Wednesday,2,7,5.0,2,8.0,3.0
346,4,Wednesday,2,8,8.0,7,13.67,5.67
347,4,Wednesday,2,9,30.0,3,73.89,43.89
348,4,Wednesday,2,10,4.0,6,4.34,0.34
349,4,Wednesday,2,11,20.0,11,36.38,16.38
350,4,Wednesday,2,12,20.0,10,67.16,47.16
354,4,Wednesday,3,1,20.0,3,2.21,17.79
356,4,Wednesday,3,3,3.5,1,3.58,0.08
357,4,Wednesday,3,4,10.0,4,3.23,6.77
358,4,Wednesday,3,5,4.0,2,1.88,2.12
359,4,Wednesday,3,6,30.0,5,11.56,18.44
363,4,Wednesday,4,2,6.0,9,7.01,1.01
364,4,Wednesday,4,3,4.0,3,2.25,1.75
365,4,Wednesday,4,4,12.0,6,15.33,3.33
367,4,Wednesday,4,6,15.0,5,14.26,0.74
368,4,Wednesday,4,7,15.0,8,10.31,4.69
369,4,Wednesday,4,8,30.0,7,45.93,15.93
371,4,Wednesday,4,10,12.0,2,11.02,0.98
372,4,Wednesday,4,11,20.0,4,9.86,10.14
373,4,Wednesday,4,12,2.0,1,1.87,0.13
377,4,Wednesday,5,1,8.0,4,5.78,2.22
378,4,Wednesday,5,2,15.0,5,57.74,42.74
379,4,Wednesday,5,3,3.0,3,1.4,1.6
380,4,Wednesday,5,4,20.0,2,38.1,18.1
381,4,Wednesday,5,5,30.0,6,29.71,0.29
382,4,Wednesday,5,6,30.0,10,94.62,64.62
383,4,Wednesday,5,7,8.0,7,12.35,4.35
384,4,Wednesday,5,8,4.5,8,6.46,1.96
385,4,Wednesday,5,9,20.0,9,52.89,32.89
386,4,Wednesday,5,10,1.6,1,2.17,0.57
387,4,Wednesday,6,1,20.0,4,6.69,13.31
390,4,Wednesday,6,4,10.0,1,5.48,4.52
391,4,Wednesday,6,5,15.0,6,13.6,1.4
393,4,Wednesday,6,7,12.0,3,2.53,9.47
401,4,Wednesday,6,15,15.0,5,11.84,3.16
402,4,Wednesday,6,16,8.0,2,1.09,6.91
404,4,Wednesday,7,2,3.0,1,2.85,0.15
405,4,Wednesday,7,3,2.5,2,1.86,0.64
406,4,Wednesday,7,4,10.0,5,8.95,1.05
407,4,Wednesday,7,5,3.5,3,1.87,1.63
410,4,Wednesday,7,8,12.0,6,11.92,0.08
411,4,Wednesday,7,9,15.0,4,16.84,1.84
417,4,Wednesday,8,6,15.0,4,4.63,10.37
418,4,Wednesday,8,7,4.5,1,0.65,3.85
419,4,Wednesday,8,8,30.0,3,11.85,18.15
420,4,Wednesday,8,9,12.0,2,3.71,8.29
425,4,Wednesday,8,14,8.0,5,7.29,0.71
428,5,Thursday,1,1,10.0,4,11.18,1.18
430,5,Thursday,1,3,5.0,2,2.85,2.15
431,5,Thursday,1,4,4.5,3,2.29,2.21
432,5,Thursday,1,5,4.0,5,4.96,0.96
434,5,Thursday,1,7,30.0,6,29.91,0.09
435,5,Thursday,1,8,3.5,1,1.89,1.61
436,5,Thursday,2,1,8.0,4,9.26,1.26
437,5,Thursday,2,2,15.0,2,13.64,1.36
438,5,Thursday,2,3,4.5,3,3.05,1.45
439,5,Thursday,2,4,6.0,5,14.9,8.9
440,5,Thursday,2,5,30.0,6,30.76,0.76
441,5,Thursday,2,6,10.0,7,27.85,17.85
444,5,Thursday,2,9,1.6,1,0.54,1.06
445,5,Thursday,3,1,6.0,9,10.47,4.47
446,5,Thursday,3,2,8.0,3,5.93,2.07
447,5,Thursday,3,3,30.0,2,19.72,10.28
448,5,Thursday,3,4,20.0,7,13.38,6.62
449,5,Thursday,3,5,10.0,5,16.78,6.78
450,5,Thursday,3,6,2.0,6,1.26,0.74
451,5,Thursday,3,7,12.0,8,10.1,1.9
452,5,Thursday,3,8,8.0,4,14.9,6.9
453,5,Thursday,3,9,30.0,10,60.5,30.5
454,5,Thursday,3,10,3.0,1,4.75,1.75
455,5,Thursday,4,1,6.0,3,3.45,2.55
456,5,Thursday,4,2,30.0,4,30.14,0.14
460,5,Thursday,4,6,20.0,5,9.08,10.92
461,5,Thursday,4,7,20.0,2,18.76,1.24
462,5,Thursday,4,8,1.0,1,0.27,0.73
463,5,Thursday,5,1,2.5,3,3.94,1.44
464,5,Thursday,5,2,10.0,1,7.13,2.87
465,5,Thursday,5,3,3.5,6,6.17,2.67
466,5,Thursday,5,4,6.0,2,4.97,1.03
467,5,Thursday,5,5,4.5,10,4.21,0.29
468,5,Thursday,5,6,20.0,5,24.56,4.56
469,5,Thursday,5,7,15.0,4,21.24,6.24
470,5,Thursday,5,8,20.0,9,20.62,0.62
471,5,Thursday,5,9,30.0,8,19.83,10.17
472,5,Thursday,5,10,8.0,7,4.31,3.69
474,5,Thursday,6,2,12.0,1,2.61,9.39
475,5,Thursday,6,3,3.5,6,2.27,1.23
478,5,Thursday,6,6,15.0,3,10.97,4.03
481,5,Thursday,6,9,20.0,2,12.72,7.28
482,5,Thursday,6,10,15.0,4,6.02,8.98
485,5,Thursday,6,13,2.5,5,2.22,0.28
486,5,Thursday,7,1,15.0,5,6.57,8.43
487,5,Thursday,7,2,30.0,6,27.33,2.67
489,5,Thursday,7,4,20.0,4,13.2,6.8
490,5,Thursday,7,5,15.0,1,6.0,9.0
491,5,Thursday,7,6,15.0,2,3.19,11.81
492,5,Thursday,7,7,3.5,7,3.13,0.37
494,5,Thursday,7,9,6.0,8,10.1,4.1
495,5,Thursday,7,10,4.0,3,3.17,0.83
498,5,Thursday,8,3,30.0,2,19.97,10.03
499,5,Thursday,8,4,10.0,1,1.64,8.36
501,5,Thursday,8,6,30.0,3,9.41,20.59
502,5,Thursday,8,7,20.0,6,6.12,13.88
506,5,Thursday,8,11,8.0,4,3.33,4.67
507,5,Thursday,8,12,3.0,5,2.36,0.64
511,5,Thursday,9,2,20.0,2,15.11,4.89
512,5,Thursday,9,3,30.0,6,51.21,21.21
513,5,Thursday,9,4,20.0,7,41.42,21.42
515,5,Thursday,9,6,4.5,3,4.46,0.04
516,5,Thursday,9,7,6.0,8,4.68,1.32
517,5,Thursday,9,8,12.0,4,14.14,2.14
518,5,Thursday,9,9,15.0,1,5.14,9.86
519,5,Thursday,9,10,2.5,9,1.13,1.37
520,5,Thursday,9,11,12.0,5,31.59,19.59
521,6,Friday,1,1,6.0,4,7.89,1.89
522,6,Friday,1,2,3.5,2,1.85,1.65
523,6,Friday,1,3,20.0,6,9.57,10.43
525,6,Friday,1,5,12.0,7,25.65,13.65
526,6,Friday,1,6,2.5,1,2.11,0.39
527,6,Friday,1,7,4.0,5,12.11,8.11
529,6,Friday,1,9,30.0,8,39.77,9.77
530,6,Friday,1,10,8.0,3,4.76,3.24
531,6,Friday,2,1,20.0,8,26.91,6.91
532,6,Friday,2,2,20.0,6,42.87,22.87
533,6,Friday,2,3,30.0,10,82.49,52.49
534,6,Friday,2,4,12.0,4,20.13,8.13
536,6,Friday,2,6,3.5,1,0.73,2.77
537,6,Friday,2,7,20.0,5,31.94,11.94
538,6,Friday,2,8,12.0,9,36.23,24.23
539,6,Friday,2,9,4.5,3,5.03,0.53
540,6,Friday,2,10,10.0,7,10.98,0.98
541,6,Friday,2,11,12.0,11,7.56,4.44
542,6,Friday,2,12,8.0,12,15.68,7.68
544,6,Friday,2,14,20.0,2,67.3,47.3
546,6,Friday,3,1,3.0,1,1.61,1.39
547,6,Friday,3,2,2.5,2,4.69,2.19
548,6,Friday,3,3,4.5,3,4.16,0.34
549,6,Friday,3,4,4.0,5,3.54,0.46
551,6,Friday,3,6,30.0,4,23.15,6.85
552,6,Friday,3,7,10.0,6,4.63,5.37
553,6,Friday,4,1,15.0,7,28.72,13.72
554,6,Friday,4,2,1.2,1,0.69,0.51
557,6,Friday,4,5,10.0,2,9.73,0.27
558,6,Friday,4,6,30.0,9,76.63,46.63
559,6,Friday,4,7,6.0,5,9.15,3.15
560,6,Friday,4,8,4.5,3,5.97,1.47
561,6,Friday,4,9,30.0,6,42.87,12.87
562,6,Friday,4,10,20.0,4,42.34,22.34
563,6,Friday,4,11,8.0,8,4.75,3.25
565,6,Friday,5,2,30.0,4,15.39,14.61
570,6,Friday,5,7,20.0,2,1.85,18.15
572,6,Friday,5,9,15.0,3,6.84,8.16
573,6,Friday,5,10,8.0,1,1.2,6.8
577,6,Friday,5,14,20.0,5,4.07,15.93
579,6,Friday,6,1,15.0,4,20.78,5.78
580,6,Friday,6,2,4.5,1,1.17,3.33
581,6,Friday,6,3,10.0,7,23.26,13.26
582,6,Friday,6,4,6.0,3,12.15,6.15
583,6,Friday,6,5,15.0,12,9.75,5.25
584,6,Friday,6,6,30.0,8,98.44,68.44
585,6,Friday,6,7,20.0,9,46.47,26.47
586,6,Friday,6,8,3.0,11,6.17,3.17
587,6,Friday,6,9,4.0,5,5.07,1.07
588,6,Friday,6,10,20.0,10,66.13,46.13
589,6,Friday,6,11,20.0,6,83.32,63.32
590,6,Friday,6,12,8.0,2,7.85,0.15
592,6,Friday,7,2,50.0,6,49.58,0.42
594,6,Friday,7,4,6.0,2,5.04,0.96
595,6,Friday,7,5,15.0,3,10.06,4.94
596,6,Friday,7,6,15.0,5,10.71,4.29
597,6,Friday,7,7,30.0,8,39.36,9.36
598,6,Friday,7,8,20.0,4,8.76,11.24
599,6,Friday,7,9,12.0,7,3.95,8.05
604,6,Friday,7,14,12.0,1,0.99,11.01
605,6,Friday,8,1,12.0,6,8.9,3.1
606,6,Friday,8,2,30.0,3,48.66,18.66
607,6,Friday,8,3,4.5,2,3.72,0.78
608,6,Friday,8,4,6.0,4,12.82,6.82
609,6,Friday,8,5,3.5,1,7.38,3.88
610,6,Friday,8,6,20.0,8,66.17,46.17
611,6,Friday,8,7,15.0,7,28.08,13.08
612,6,Friday,8,8,30.0,11,108.0,78.0
613,6,Friday,8,9,12.0,10,14.21,2.21
614,6,Friday,8,10,20.0,9,35.16,15.16
615,6,Friday,8,11,1.8,5,0.94,0.86
617,6,Friday,9,2,8.0,5,8.54,0.54
618,6,Friday,9,3,10.0,2,5.8,4.2
619,6,Friday,9,4,0.8,1,0.77,0.03
620,6,Friday,9,5,20.0,6,8.61,11.39
621,6,Friday,9,6,15.0,4,15.26,0.26
623,6,Friday,9,8,4.5,3,3.74,0.76
624,6,Friday,10,1,4.5,2,3.8,0.7
625,6,Friday,10,2,30.0,6,46.16,16.16
626,6,Friday,10,3,20.0,5,32.44,12.44
627,6,Friday,10,4,3.0,1,2.25,0.75
628,6,Friday,10,5,8.0,4,8.1,0.1
629,6,Friday,10,6,15.0,9,31.88,16.88
631,6,Friday,10,8,6.0,8,12.15,6.15
632,6,Friday,10,9,15.0,3,5.81,9.19
633,6,Friday,10,10,10.0,7,2.83,7.17
634,7,Saturday,1,1,4.0,1,1.39,2.61
635,7,Saturday,1,2,30.0,10,93.95,63.95
636,7,Saturday,1,3,2.0,3,2.58,0.58
637,7,Saturday,1,4,4.5,9,9.22,4.72
638,7,Saturday,1,5,15.0,4,53.31,38.31
640,7,Saturday,1,7,30.0,11,57.25,27.25
641,7,Saturday,1,8,30.0,8,115.36,85.36
642,7,Saturday,1,9,12.0,5,17.02,5.02
643,7,Saturday,1,10,10.0,7,9.71,0.29
644,7,Saturday,1,11,6.0,2,4.76,1.24
645,7,Saturday,1,12,20.0,6,49.81,29.81
647,7,Saturday,2,2,4.5,3,6.23,1.73
648,7,Saturday,2,3,1.6,2,2.67,1.07
649,7,Saturday,2,4,3.0,4,2.63,0.37
650,7,Saturday,2,5,10.0,5,7.24,2.76
651,7,Saturday,2,6,6.0,1,1.87,4.13
652,7,Saturday,2,7,20.0,6,26.63,6.63
655,7,Saturday,3,2,20.0,7,53.67,33.67
656,7,Saturday,3,3,8.0,6,10.1,2.1
657,7,Saturday,3,4,4.0,2,2.64,1.36
658,7,Saturday,3,5,12.0,1,14.46,2.46
659,7,Saturday,3,6,15.0,5,5.03,9.97
662,7,Saturday,3,9,15.0,9,27.66,12.66
663,7,Saturday,3,10,20.0,4,13.95,6.05
664,7,Saturday,3,11,10.0,8,20.62,10.62
665,7,Saturday,3,12,3.5,3,1.33,2.17
666,7,Saturday,4,1,15.0,6,7.99,7.01
667,7,Saturday,4,2,30.0,9,37.86,7.86
668,7,Saturday,4,3,4.5,2,3.9,0.6
669,7,Saturday,4,4,15.0,5,20.03,5.03
670,7,Saturday,4,5,12.0,3,32.87,20.87
671,7,Saturday,4,6,8.0,7,3.25,4.75
673,7,Saturday,4,8,8.0,8,24.9,16.9
674,7,Saturday,4,9,3.5,4,2.78,0.72
675,7,Saturday,4,10,4.0,1,3.25,0.75
676,7,Saturday,5,1,10.0,2,6.05,3.95
677,7,Saturday,5,2,2.5,3,0.93,1.57
678,7,Saturday,5,3,30.0,10,102.56,72.56
679,7,Saturday,5,4,30.0,5,54.38,24.38
680,7,Saturday,5,5,4.0,4,9.18,5.18
681,7,Saturday,5,6,12.0,7,22.14,10.14
682,7,Saturday,5,7,20.0,8,114.65,94.65
683,7,Saturday,5,8,10.0,12,16.72,6.72
684,7,Saturday,5,9,6.0,1,7.93,1.93
685,7,Saturday,5,10,15.0,6,14.54,0.46
686,7,Saturday,5,11,12.0,9,33.82,21.82
687,7,Saturday,5,12,6.0,11,9.64,3.64
692,7,Saturday,6,1,6.0,1,7.06,1.06
693,7,Saturday,6,2,1.0,3,0.57,0.43
695,7,Saturday,6,4,12.0,6,25.31,13.31
696,7,Saturday,6,5,10.0,5,22.17,12.17
697,7,Saturday,6,6,4.0,4,5.43,1.43
698,7,Saturday,6,7,5.0,2,4.16,0.84
699,7,Saturday,7,1,5.0,6,8.48,3.48
700,7,Saturday,7,2,6.0,7,6.91,0.91
702,7,Saturday,7,4,8.0,8,6.14,1.86
703,7,Saturday,7,5,12.0,5,30.27,18.27
704,7,Saturday,7,6,15.0,4,14.7,0.3
705,7,Saturday,7,7,20.0,10,43.55,23.55
706,7,Saturday,7,8,4.0,1,1.76,2.24
707,7,Saturday,7,9,10.0,12,11.16,1.16
708,7,Saturday,7,10,30.0,9,114.92,84.92
709,7,Saturday,7,11,3.5,3,7.51,4.01
710,7,Saturday,7,12,8.0,2,7.75,0.25
711,7,Saturday,7,13,10.0,11,59.43,49.43
712,7,Saturday,8,1,6.0,6,4.12,1.88
713,7,Saturday,8,2,6.0,5,3.24,2.76
714,7,Saturday,8,3,3.0,1,4.62,1.62
715,7,Saturday,8,4,5.0,3,6.7,1.7
716,7,Saturday,8,5,10.0,2,7.95,2.05
718,7,Saturday,8,7,4.5,4,1.93,2.57
720,7,Saturday,9,1,10.0,5,28.55,18.55
721,7,Saturday,9,2,6.0,6,13.28,7.28
722,7,Saturday,9,3,8.0,9,12.47,4.47
723,7,Saturday,9,4,50.0,10,140.86,90.86
724,7,Saturday,9,5,4.5,2,1.71,2.79
725,7,Saturday,9,6,3.0,7,3.6,0.6
726,7,Saturday,9,7,5.0,4,4.45,0.55
727,7,Saturday,9,8,15.0,8,25.16,10.16
728,7,Saturday,9,9,4.0,3,5.17,1.17
729,7,Saturday,9,10,15.0,1,25.84,10.84
730,7,Saturday,10,1,15.0,4,13.2,1.8
731,7,Saturday,10,2,2.5,2,1.49,1.01
732,7,Saturday,10,3,12.0,3,36.38,24.38
733,7,Saturday,10,4,10.0,5,15.7,5.7
734,7,Saturday,10,5,3.5,7,5.03,1.53
735,7,Saturday,10,6,30.0,9,59.36,29.36
737,7,Saturday,10,8,5.0,1,3.31,1.69
738,7,Saturday,10,9,4.0,6,6.25,2.25
739,7,Saturday,10,10,8.0,8,11.33,3.33
740,7,Saturday,11,1,6.0,7,6.45,0.45
742,7,Saturday,11,3,15.0,10,22.87,7.87
743,7,Saturday,11,4,6.0,6,13.79,7.79
744,7,Saturday,11,5,4.5,1,3.21,1.29
745,7,Saturday,11,6,20.0,9,22.32,2.32
746,7,Saturday,11,7,15.0,3,23.05,8.05
747,7,Saturday,11,8,6.0,4,7.32,1.32
748,7,Saturday,11,9,4.0,2,3.34,0.66
749,7,Saturday,11,10,6.0,5,4.82,1.18
750,7,Saturday,11,11,8.0,8,9.85,1.85
751,7,Saturday,11,12,30.0,11,89.55,59.55
756,8,Sunday,1,1,4.0,2,3.18,0.82
757,8,Sunday,1,2,20.0,6,16.65,3.35
758,8,Sunday,1,3,15.0,5,43.95,28.95
759,8,Sunday,1,4,15.0,3,18.84,3.84
760,8,Sunday,1,5,8.0,1,10.47,2.47
761,8,Sunday,1,6,3.0,7,5.62,2.62
762,8,Sunday,1,7,6.0,8,15.68,9.68
764,8,Sunday,1,9,6.0,9,9.16,3.16
765,8,Sunday,1,10,5.0,4,1.34,3.66
766,8,Sunday,2,1,2.0,4,1.27,0.73
767,8,Sunday,2,2,8.0,6,5.11,2.89
769,8,Sunday,2,4,20.0,2,39.5,19.5
770,8,Sunday,2,5,30.0,3,21.78,8.22
771,8,Sunday,2,6,15.0,7,10.36,4.64
773,8,Sunday,2,8,15.0,5,35.95,20.95
774,8,Sunday,2,9,4.0,1,1.47,2.53
775,8,Sunday,3,1,3.5,1,0.96,2.54
776,8,Sunday,3,2,12.0,12,22.48,10.48
777,8,Sunday,3,3,15.0,3,17.66,2.66
778,8,Sunday,3,4,20.0,11,25.55,5.55
779,8,Sunday,3,5,8.0,7,10.08,2.08
780,8,Sunday,3,6,5.0,5,10.44,5.44
781,8,Sunday,3,7,12.0,8,36.9,24.9
782,8,Sunday,3,8,15.0,10,27.37,12.37
783,8,Sunday,3,9,20.0,9,54.95,34.95
784,8,Sunday,3,10,4.0,2,5.53,1.53
785,8,Sunday,3,11,6.0,4,7.88,1.88
786,8,Sunday,3,12,15.0,6,38.26,23.26
792,8,Sunday,4,2,20.0,4,21.04,1.04
793,8,Sunday,4,3,2.0,2,0.35,1.65
794,8,Sunday,4,4,12.0,3,5.19,6.81
795,8,Sunday,4,5,30.0,1,6.55,23.45
797,8,Sunday,4,7,20.0,6,13.25,6.75
798,8,Sunday,4,8,20.0,5,22.2,2.2
801,8,Sunday,5,1,3.5,2,4.48,0.98
802,8,Sunday,5,2,15.0,5,21.33,6.33
803,8,Sunday,5,3,12.0,8,11.4,0.6
804,8,Sunday,5,4,15.0,11,22.79,7.79
805,8,Sunday,5,5,1.8,4,2.65,0.85
806,8,Sunday,5,6,20.0,6,26.82,6.82
807,8,Sunday,5,7,8.0,1,2.6,5.4
808,8,Sunday,5,8,4.0,7,10.56,6.56
809,8,Sunday,5,9,30.0,10,68.99,38.99
810,8,Sunday,5,10,20.0,9,37.2,17.2
811,8,Sunday,5,11,15.0,3,6.89,8.11
812,8,Sunday,6,1,4.5,6,7.45,2.95
813,8,Sunday,6,2,15.0,2,18.66,3.66
814,8,Sunday,6,3,1.8,5,1.22,0.58
816,8,Sunday,6,5,20.0,4,19.47,0.53
818,8,Sunday,6,7,8.0,7,8.18,0.18
819,8,Sunday,6,8,3.0,3,4.07,1.07
820,8,Sunday,6,9,6.0,1,3.58,2.42
821,8,Sunday,7,1,15.0,3,17.13,2.13
822,8,Sunday,7,2,20.0,1,21.77,1.77
823,8,Sunday,7,3,30.0,7,69.3,39.3
824,8,Sunday,7,4,4.5,6,4.02,0.48
825,8,Sunday,7,5,4.0,8,13.75,9.75
826,8,Sunday,7,6,20.0,5,24.19,4.19
827,8,Sunday,7,7,8.0,9,4.47,3.53
828,8,Sunday,7,8,10.0,10,19.06,9.06
829,8,Sunday,7,9,50.0,11,88.25,38.25
830,8,Sunday,7,10,6.0,4,6.77,0.77
832,8,Sunday,7,12,3.0,2,1.51,1.49
834,8,Sunday,8,1,20.0,7,39.56,19.56
835,8,Sunday,8,2,10.0,2,3.73,6.27
836,8,Sunday,8,3,2.0,5,1.93,0.07
837,8,Sunday,8,4,6.0,6,5.39,0.61
838,8,Sunday,8,5,3.0,1,3.27,0.27
839,8,Sunday,8,6,4.0,3,10.04,6.04
840,8,Sunday,8,7,30.0,9,67.22,37.22
841,8,Sunday,8,8,8.0,8,20.35,12.35
842,8,Sunday,8,9,20.0,4,12.86,7.14
843,8,Sunday,9,1,3.0,1,1.59,1.41
846,8,Sunday,9,4,4.5,8,8.58,4.08
847,8,Sunday,9,5,30.0,4,53.42,23.42
848,8,Sunday,9,6,12.0,6,18.6,6.6
849,8,Sunday,9,7,3.5,2,2.17,1.33
850,8,Sunday,9,8,8.0,5,4.19,3.81
851,8,Sunday,9,9,12.0,7,26.73,14.73
853,8,Sunday,9,11,10.0,3,10.32,0.32
855,9,Wednesday,1,1,4.0,6,2.25,1.75
856,9,Wednesday,1,2,20.0,4,35.14,15.14
858,9,Wednesday,1,4,6.0,1,2.66,3.34
859,9,Wednesday,1,5,2.5,5,3.09,0.59
860,9,Wednesday,1,6,8.0,2,2.61,5.39
861,9,Wednesday,1,7,10.0,3,14.87,4.87
863,9,Wednesday,2,2,5.0,3,2.8,2.2
864,9,Wednesday,2,3,6.0,5,8.39,2.39
865,9,Wednesday,2,4,4.0,2,2.4,1.6
866,9,Wednesday,2,5,8.0,4,3.2,4.8
868,9,Wednesday,2,7,6.0,6,10.01,4.01
869,9,Wednesday,2,8,30.0,1,10.53,19.47
871,9,Wednesday,2,10,10.0,7,17.65,7.65
872,9,Wednesday,2,11,15.0,8,16.03,1.03
873,9,Wednesday,3,1,3.5,1,5.05,1.55
874,9,Wednesday,3,2,1.8,4,3.45,1.65
875,9,Wednesday,3,3,3.0,3,2.12,0.88
876,9,Wednesday,3,4,20.0,5,10.56,9.44
877,9,Wednesday,3,5,2.5,2,2.42,0.08
878,9,Wednesday,3,6,8.0,6,8.79,0.79
880,9,Wednesday,4,2,3.5,1,1.6,1.9
881,9,Wednesday,4,3,8.0,5,22.54,14.54
883,9,Wednesday,4,5,15.0,7,33.15,18.15
884,9,Wednesday,4,6,20.0,2,19.02,0.98
885,9,Wednesday,4,7,30.0,6,48.2,18.2
887,9,Wednesday,4,9,4.5,3,1.79,2.71
889,9,Wednesday,4,11,20.0,8,23.89,3.89
890,9,Wednesday,4,12,30.0,4,2.76,27.24
891,9,Wednesday,5,1,4.0,4,17.88,13.88
892,9,Wednesday,5,2,3.0,1,2.25,0.75
893,9,Wednesday,5,3,8.0,8,3.87,4.13
894,9,Wednesday,5,4,12.0,9,12.57,0.57
895,9,Wednesday,5,5,6.0,6,27.36,21.36
896,9,Wednesday,5,6,8.0,7,7.03,0.97
897,9,Wednesday,5,7,10.0,3,5.11,4.89
898,9,Wednesday,5,8,3.5,2,4.09,0.59
899,9,Wednesday,5,9,20.0,5,30.03,10.03
900,9,Wednesday,6,1,3.0,2,3.0,0.0
901,9,Wednesday,6,2,12.0,5,12.49,0.49
902,9,Wednesday,6,3,4.5,6,10.57,6.07
903,9,Wednesday,6,4,4.0,4,10.26,6.26
904,9,Wednesday,6,5,1.2,1,1.16,0.04
905,9,Wednesday,6,6,8.0,3,3.34,4.66
906,9,Wednesday,7,1,4.5,3,2.43,2.07
907,9,Wednesday,7,2,2.5,1,1.09,1.41
908,9,Wednesday,7,3,10.0,5,24.55,14.55
909,9,Wednesday,7,4,20.0,4,67.13,47.13
910,9,Wednesday,7,5,20.0,7,55.03,35.03
911,9,Wednesday,7,6,10.0,6,18.7,8.7
913,9,Wednesday,7,8,12.0,8,16.17,4.17
914,9,Wednesday,7,9,50.0,11,118.62,68.62
915,9,Wednesday,7,10,30.0,9,80.26,50.26
916,9,Wednesday,7,11,8.0,10,15.63,7.63
917,9,Wednesday,7,12,3.5,2,5.23,1.73
921,9,Wednesday,8,1,1.8,2,1.11,0.69
922,9,Wednesday,8,2,12.0,5,13.17,1.17
923,9,Wednesday,8,3,20.0,3,15.13,4.87
924,9,Wednesday,8,4,20.0,6,23.99,3.99
926,9,Wednesday,8,6,6.0,1,3.99,2.01
928,9,Wednesday,8,8,2.5,4,1.89,0.61
929,10,Thursday,1,1,1.2,4,2.02,0.82
930,10,Thursday,1,2,6.0,2,5.61,0.39
931,10,Thursday,1,3,20.0,5,49.0,29.0
933,10,Thursday,1,5,8.0,3,13.9,5.9
934,10,Thursday,1,6,3.0,1,1.03,1.97
935,10,Thursday,1,7,4.5,6,6.67,2.17
936,10,Thursday,2,1,1.2,1,0.19,1.01
937,10,Thursday,2,2,6.0,5,4.8,1.2
940,10,Thursday,2,5,30.0,4,27.94,2.06
942,10,Thursday,2,7,20.0,3,11.69,8.31
943,10,Thursday,2,8,20.0,2,14.3,5.7
947,10,Thursday,3,1,10.0,1,4.43,5.57
948,10,Thursday,3,2,8.0,10,15.0,7.0
950,10,Thursday,3,4,3.0,8,3.76,0.76
952,10,Thursday,3,6,8.0,3,5.01,2.99
953,10,Thursday,3,7,4.5,5,3.23,1.27
954,10,Thursday,3,8,15.0,9,28.22,13.22
955,10,Thursday,3,9,12.0,2,7.33,4.67
956,10,Thursday,3,10,30.0,6,74.38,44.38
957,10,Thursday,3,11,20.0,4,14.86,5.14
958,10,Thursday,3,12,8.0,7,8.89,0.89
959,10,Thursday,4,1,2.0,3,2.3,0.3
960,10,Thursday,4,2,10.0,7,13.27,3.27
961,10,Thursday,4,3,3.0,2,1.09,1.91
962,10,Thursday,4,4,8.0,5,13.3,5.3
963,10,Thursday,4,5,15.0,6,26.14,11.14
965,10,Thursday,4,7,4.5,1,4.05,0.45
966,10,Thursday,4,8,20.0,4,27.42,7.42
968,10,Thursday,5,1,10.0,1,2.63,7.37
969,10,Thursday,5,2,5.0,4,7.83,2.83
970,10,Thursday,5,3,6.0,3,3.89,2.11
971,10,Thursday,5,4,4.0,5,6.53,2.53
972,10,Thursday,5,5,15.0,11,26.34,11.34
973,10,Thursday,5,6,20.0,10,51.32,31.32
974,10,Thursday,5,7,4.5,8,6.36,1.86
975,10,Thursday,5,8,30.0,7,45.02,15.02
976,10,Thursday,5,9,8.0,2,6.34,1.66
978,10,Thursday,5,11,12.0,6,17.62,5.62
979,10,Thursday,5,12,6.0,9,15.06,9.06
984,10,Thursday,6,1,3.5,1,2.91,0.59
985,10,Thursday,6,2,8.0,5,10.42,2.42
986,10,Thursday,6,3,30.0,6,45.65,15.65
987,10,Thursday,6,4,2.5,2,2.82,0.32
989,10,Thursday,6,6,8.0,4,20.11,12.11
990,10,Thursday,6,7,1.2,3,0.93,0.27
991,10,Thursday,7,1,4.0,7,3.22,0.78
992,10,Thursday,7,2,8.0,8,8.81,0.81
993,10,Thursday,7,3,4.5,3,3.83,0.67
994,10,Thursday,7,4,20.0,1,51.89,31.89
998,10,Thursday,7,8,10.0,5,5.85,4.15
999,10,Thursday,7,9,10.0,4,11.82,1.82
1000,10,Thursday,7,10,15.0,9,26.98,11.98
1003,10,Thursday,7,13,15.0,6,25.6,10.6
1004,10,Thursday,7,14,4.0,2,2.03,1.97
1006,10,Thursday,8,1,15.0,5,20.3,5.3
1007,10,Thursday,8,2,6.0,4,3.65,2.35
1008,10,Thursday,8,3,3.5,1,8.84,5.34
1009,10,Thursday,8,4,4.5,9,5.39,0.89
1010,10,Thursday,8,5,10.0,7,31.29,21.29
1011,10,Thursday,8,6,6.0,6,12.75,6.75
1012,10,Thursday,8,7,12.0,8,10.6,1.4
1013,10,Thursday,8,8,8.0,3,7.68,0.32
1014,10,Thursday,8,9,3.0,2,1.73,1.27
1015,10,Thursday,9,1,4.5,9,2.2,2.3
1016,10,Thursday,9,2,10.0,3,3.28,6.72
1017,10,Thursday,9,3,15.0,10,20.54,5.54
1018,10,Thursday,9,4,12.0,7,10.94,1.06
1019,10,Thursday,9,5,8.0,2,11.2,3.2
1020,10,Thursday,9,6,2.5,6,3.55,1.05
1021,10,Thursday,9,7,4.0,4,11.89,7.89
1022,10,Thursday,9,8,15.0,5,12.39,2.61
1023,10,Thursday,9,9,30.0,8,85.81,55.81
1024,10,Thursday,9,10,20.0,1,25.39,5.39
1026,10,Thursday,9,12,30.0,11,83.5,53.5
1034,11,Friday,1,4,12.0,4,8.34,3.66
1036,11,Friday,1,6,12.0,3,3.99,8.01
1037,11,Friday,1,7,8.0,1,3.93,4.07
1038,11,Friday,1,8,2.0,2,0.46,1.54
1039,11,Friday,2,1,12.0,5,8.01,3.99
1040,11,Friday,2,2,20.0,12,29.18,9.18
1041,11,Friday,2,3,30.0,7,56.11,26.11
1042,11,Friday,2,4,30.0,9,50.17,20.17
1043,11,Friday,2,5,10.0,1,16.65,6.65
1044,11,Friday,2,6,8.0,8,6.01,1.99
1045,11,Friday,2,7,30.0,11,83.83,53.83
1046,11,Friday,2,8,5.0,3,5.62,0.62
1047,11,Friday,2,9,2.0,2,2.59,0.59
1048,11,Friday,2,10,4.0,6,6.12,2.12
1049,11,Friday,2,11,8.0,4,3.64,4.36
1050,11,Friday,2,12,30.0,10,71.56,41.56
1055,11,Friday,3,1,1.2,1,0.68,0.52
1056,11,Friday,3,2,6.0,3,6.88,0.88
1057,11,Friday,3,3,30.0,5,17.28,12.72
1058,11,Friday,3,4,3.0,2,3.23,0.23
1059,11,Friday,3,5,8.0,4,4.56,3.44
1062,11,Friday,4,1,10.0,2,3.4,6.6
1063,11,Friday,4,2,15.0,7,26.79,11.79
1064,11,Friday,4,3,6.0,9,8.93,2.93
1065,11,Friday,4,4,8.0,4,3.9,4.1
1066,11,Friday,4,5,20.0,10,25.94,5.94
1067,11,Friday,4,6,15.0,1,12.74,2.26
1068,11,Friday,4,7,20.0,6,61.48,41.48
1069,11,Friday,4,8,1.8,3,1.37,0.43
1071,11,Friday,4,10,20.0,8,24.75,4.75
1072,11,Friday,4,11,12.0,5,26.27,14.27
1077,11,Friday,5,1,8.0,3,7.95,0.05
1078,11,Friday,5,2,12.0,11,41.85,29.85
1079,11,Friday,5,3,4.5,4,3.87,0.63
1080,11,Friday,5,4,30.0,8,65.06,35.06
1081,11,Friday,5,5,8.0,5,13.76,5.76
1082,11,Friday,5,6,20.0,7,51.45,31.45
1083,11,Friday,5,7,15.0,1,22.5,7.5
1084,11,Friday,5,8,5.0,9,6.71,1.71
1085,11,Friday,5,9,4.0,2,5.63,1.63
1086,11,Friday,5,10,3.5,6,1.47,2.03
1087,11,Friday,5,11,15.0,10,44.66,29.66
1088,11,Friday,6,1,3.5,4,4.08,0.58
1090,11,Friday,6,3,0.8,1,0.54,0.26
1091,11,Friday,6,4,20.0,5,18.33,1.67
1093,11,Friday,6,6,8.0,2,5.12,2.88
1094,11,Friday,6,7,20.0,6,13.65,6.35
1095,11,Friday,6,8,20.0,3,14.46,5.54
1096,11,Friday,7,1,15.0,8,27.77,12.77
1097,11,Friday,7,2,10.0,4,7.49,2.51
1098,11,Friday,7,3,15.0,5,8.59,6.41
1099,11,Friday,7,4,12.0,10,8.84,3.16
1102,11,Friday,7,7,4.0,3,2.98,1.02
1104,11,Friday,7,9,12.0,7,10.12,1.88
1105,11,Friday,7,10,6.0,1,6.08,0.08
1106,11,Friday,7,11,4.5,2,5.16,0.66
1108,11,Friday,7,13,10.0,9,16.66,6.66
1109,11,Friday,7,14,4.0,6,6.58,2.58
1114,11,Friday,8,3,0.8,2,0.62,0.18
1115,11,Friday,8,4,6.0,4,14.77,8.77
1116,11,Friday,8,5,12.0,7,19.31,7.31
1117,11,Friday,8,6,6.0,3,9.66,3.66
1118,11,Friday,8,7,12.0,8,32.61,20.61
1119,11,Friday,8,8,20.0,6,36.55,16.55
1120,11,Friday,8,9,8.0,5,18.12,10.12
1121,11,Friday,8,10,3.5,1,2.82,0.68
1122,11,Friday,9,1,2.5,1,2.79,0.29
1123,11,Friday,9,2,20.0,5,29.99,9.99
1124,11,Friday,9,3,1.6,3,1.14,0.46
1125,11,Friday,9,4,3.0,4,3.37,0.37
1126,11,Friday,9,5,6.0,6,12.85,6.85
1127,11,Friday,9,6,10.0,2,13.53,3.53
1128,11,Friday,9,7,15.0,7,16.07,1.07
1129,11,Friday,10,1,4.5,2,4.88,0.38
1130,11,Friday,10,2,20.0,10,93.29,73.29
1131,11,Friday,10,3,4.0,4,4.93,0.93
1133,11,Friday,10,5,6.0,9,15.41,9.41
1134,11,Friday,10,6,10.0,6,4.73,5.27
1135,11,Friday,10,7,12.0,5,16.85,4.85
1136,11,Friday,10,8,30.0,8,83.59,53.59
1137,11,Friday,10,9,30.0,7,28.83,1.17
1138,11,Friday,10,10,10.0,3,8.46,1.54
1139,11,Friday,10,11,1.8,1,1.5,0.3
1140,12,Saturday,1,1,10.0,1,5.2,4.8
1141,12,Saturday,1,2,2.0,3,3.17,1.17
1142,12,Saturday,1,3,8.0,5,9.76,1.76
1143,12,Saturday,1,4,12.0,8,30.87,18.87
1144,12,Saturday,1,5,15.0,7,12.64,2.36
1145,12,Saturday,1,6,10.0,6,16.46,6.46
1146,12,Saturday,1,7,3.0,2,2.28,0.72
1147,12,Saturday,1,8,4.0,4,3.33,0.67
1148,12,Saturday,2,1,6.0,12,14.83,8.83
1149,12,Saturday,2,2,12.0,9,6.22,5.78
1150,12,Saturday,2,3,30.0,7,21.45,8.55
1151,12,Saturday,2,4,20.0,2,41.09,21.09
1152,12,Saturday,2,5,20.0,10,33.69,13.69
1153,12,Saturday,2,6,4.5,5,11.83,7.33
1154,12,Saturday,2,7,15.0,6,33.03,18.03
1155,12,Saturday,2,8,5.0,8,3.05,1.95
1156,12,Saturday,2,9,6.0,11,12.85,6.85
1157,12,Saturday,2,10,4.0,4,4.43,0.43
1158,12,Saturday,2,11,8.0,1,3.76,4.24
1159,12,Saturday,2,12,12.0,3,12.99,0.99
1160,12,Saturday,3,1,30.0,4,17.34,12.66
1161,12,Saturday,3,2,30.0,6,36.13,6.13
1162,12,Saturday,3,3,4.0,5,6.28,2.28
1163,12,Saturday,3,4,0.8,1,1.11,0.31
1164,12,Saturday,3,5,3.0,2,3.4,0.4
1165,12,Saturday,3,6,6.0,3,2.66,3.34
1166,12,Saturday,4,1,3.0,7,4.04,1.04
1167,12,Saturday,4,2,20.0,10,75.77,55.77
1168,12,Saturday,4,3,4.5,3,1.21,3.29
1169,12,Saturday,4,4,10.0,2,9.03,0.97
1170,12,Saturday,4,5,4.0,1,13.03,9.03
1171,12,Saturday,4,6,20.0,9,24.32,4.32
1172,12,Saturday,4,7,8.0,5,14.32,6.32
1173,12,Saturday,4,8,20.0,4,54.55,34.55
1174,12,Saturday,4,9,15.0,8,57.76,42.76
1175,12,Saturday,4,10,8.0,6,15.18,7.18
1178,12,Saturday,4,13,8.0,12,6.17,1.83
1180,12,Saturday,4,15,15.0,11,64.9,49.9
1181,12,Saturday,5,1,10.0,5,2.76,7.24
1182,12,Saturday,5,2,4.5,3,6.43,1.93
1184,12,Saturday,5,4,20.0,4,17.32,2.68
1185,12,Saturday,5,5,6.0,6,6.08,0.08
1186,12,Saturday,5,6,2.0,1,1.72,0.28
1188,12,Saturday,5,8,3.0,2,4.31,1.31
1189,12,Saturday,5,9,15.0,7,24.14,9.14
1191,12,Saturday,6,2,8.0,1,6.74,1.26
1192,12,Saturday,6,3,15.0,8,17.82,2.82
1193,12,Saturday,6,4,15.0,4,31.77,16.77
1195,12,Saturday,6,6,50.0,11,52.99,2.99
1197,12,Saturday,6,8,15.0,6,4.86,10.14
1198,12,Saturday,6,9,20.0,7,11.56,8.44
1199,12,Saturday,6,10,2.5,3,2.16,0.34
1200,12,Saturday,6,11,6.0,9,5.69,0.31
1201,12,Saturday,6,12,4.0,2,4.23,0.23
1202,12,Saturday,6,13,15.0,10,48.5,33.5
1204,12,Saturday,6,15,12.0,5,29.95,17.95
1206,12,Saturday,7,1,6.0,5,5.59,0.41
1207,12,Saturday,7,2,20.0,7,23.63,3.63
1208,12,Saturday,7,3,4.0,2,1.82,2.18
1210,12,Saturday,7,5,8.0,3,8.46,0.46
1212,12,Saturday,7,7,8.0,4,4.38,3.62
1213,12,Saturday,7,8,3.0,1,3.02,0.02
1214,12,Saturday,7,9,15.0,6,8.56,6.44
1215,12,Saturday,8,1,15.0,9,11.92,3.08
1216,12,Saturday,8,2,30.0,4,54.09,24.09
1217,12,Saturday,8,3,5.0,5,15.26,10.26
1218,12,Saturday,8,4,1.5,3,0.56,0.94
1219,12,Saturday,8,5,20.0,8,40.57,20.57
1220,12,Saturday,8,6,30.0,7,97.06,67.06
1223,12,Saturday,8,9,50.0,6,57.97,7.97
1224,12,Saturday,8,10,4.0,2,4.13,0.13
1225,12,Saturday,8,11,8.0,1,5.76,2.24
1226,12,Saturday,9,1,6.0,4,7.78,1.78
1227,12,Saturday,9,2,10.0,6,11.19,1.19
1228,12,Saturday,9,3,3.0,7,4.66,1.66
1229,12,Saturday,9,4,2.0,1,1.68,0.32
1230,12,Saturday,9,5,15.0,8,17.23,2.23
1231,12,Saturday,9,6,30.0,3,25.63,4.37
1232,12,Saturday,9,7,8.0,5,7.17,0.83
1233,12,Saturday,9,8,15.0,9,42.11,27.11
1234,12,Saturday,9,9,4.0,2,3.8,0.2
1235,12,Saturday,10,1,3.5,10,5.7,2.2
1236,12,Saturday,10,2,2.5,2,1.36,1.14
1237,12,Saturday,10,3,20.0,5,22.35,2.35
1238,12,Saturday,10,4,15.0,4,16.92,1.92
1239,12,Saturday,10,5,8.0,6,4.79,3.21
1240,12,Saturday,10,6,15.0,11,33.18,18.18
1241,12,Saturday,10,7,5.0,9,10.2,5.2
1242,12,Saturday,10,8,20.0,12,76.8,56.8
1243,12,Saturday,10,9,20.0,8,43.95,23.95
1244,12,Saturday,10,10,50.0,7,102.62,52.62
1245,12,Saturday,10,11,10.0,1,5.94,4.06
1246,12,Saturday,10,12,12.0,3,23.54,11.54
1251,13,Sunday,1,2,30.0,6,33.54,3.54
1252,13,Sunday,1,3,8.0,3,3.73,4.27
1253,13,Sunday,1,4,2.5,4,2.4,0.1
1254,13,Sunday,1,5,12.0,5,16.87,4.87
1255,13,Sunday,1,6,1.6,1,1.41,0.19
1256,13,Sunday,1,7,6.0,2,4.37,1.63
1258,13,Sunday,2,2,2.0,1,0.52,1.48
1259,13,Sunday,2,3,30.0,5,57.15,27.15
1260,13,Sunday,2,4,2.5,2,3.86,1.36
1261,13,Sunday,2,5,8.0,3,8.41,0.41
1262,13,Sunday,2,6,20.0,7,26.43,6.43
1263,13,Sunday,2,7,30.0,8,33.98,3.98
1267,13,Sunday,2,11,20.0,4,7.61,12.39
1268,13,Sunday,2,12,15.0,6,39.31,24.31
1270,13,Sunday,3,1,15.0,9,26.8,11.8
1271,13,Sunday,3,2,20.0,5,42.69,22.69
1272,13,Sunday,3,3,8.0,2,2.74,5.26
1274,13,Sunday,3,5,6.0,10,11.69,5.69
1275,13,Sunday,3,6,30.0,11,33.06,3.06
1276,13,Sunday,3,7,4.5,7,6.23,1.73
1277,13,Sunday,3,8,10.0,12,16.71,6.71
1278,13,Sunday,3,9,3.0,1,2.26,0.74
1279,13,Sunday,3,10,12.0,4,6.45,5.55
1280,13,Sunday,3,11,6.0,3,11.91,5.91
1281,13,Sunday,3,12,10.0,6,32.62,22.62
1282,13,Sunday,3,13,20.0,8,68.27,48.27
1286,13,Sunday,4,1,12.0,7,16.59,4.59
1287,13,Sunday,4,2,6.0,6,10.78,4.78
1288,13,Sunday,4,3,15.0,5,10.55,4.45
1289,13,Sunday,4,4,4.5,9,4.44,0.06
1290,13,Sunday,4,5,15.0,11,17.8,2.8
1291,13,Sunday,4,6,30.0,10,84.35,54.35
1292,13,Sunday,4,7,3.5,2,2.67,0.83
1293,13,Sunday,4,8,20.0,1,29.46,9.46
1294,13,Sunday,4,9,4.0,3,5.3,1.3
1295,13,Sunday,4,10,6.0,8,10.0,4.0
1296,13,Sunday,4,11,8.0,4,5.27,2.73
1297,13,Sunday,5,1,8.0,10,12.9,4.9
1298,13,Sunday,5,2,10.0,9,7.45,2.55
1299,13,Sunday,5,3,5.0,2,1.63,3.37
1300,13,Sunday,5,4,30.0,6,75.22,45.22
1301,13,Sunday,5,5,20.0,11,60.82,40.82
1302,13,Sunday,5,6,5.0,4,5.92,0.92
1303,13,Sunday,5,7,4.5,7,4.81,0.31
1304,13,Sunday,5,8,10.0,8,13.21,3.21
1305,13,Sunday,5,9,20.0,12,27.08,7.08
1306,13,Sunday,5,10,8.0,1,24.59,16.59
1307,13,Sunday,5,11,30.0,5,48.55,18.55
1308,13,Sunday,5,12,4.0,3,8.07,4.07
1309,13,Sunday,6,1,4.5,3,3.62,0.88
1311,13,Sunday,6,3,6.0,2,4.26,1.74
1312,13,Sunday,6,4,4.0,6,8.43,4.43
1313,13,Sunday,6,5,15.0,5,23.7,8.7
1314,13,Sunday,6,6,20.0,4,23.12,3.12
1315,13,Sunday,6,7,1.8,1,0.67,1.13
1316,13,Sunday,7,1,12.0,6,20.84,8.84
1317,13,Sunday,7,2,10.0,5,27.27,17.27
1318,13,Sunday,7,3,15.0,2,13.95,1.05
1319,13,Sunday,7,4,1.2,3,2.47,1.27
1321,13,Sunday,7,6,8.0,8,4.58,3.42
1322,13,Sunday,7,7,4.5,4,2.61,1.89
1323,13,Sunday,7,8,12.0,1,6.06,5.94
1325,13,Sunday,7,10,8.0,7,5.34,2.66
1326,13,Sunday,8,1,3.5,7,4.17,0.67
1327,13,Sunday,8,2,30.0,11,74.41,44.41
1328,13,Sunday,8,3,6.0,9,6.2,0.2
1329,13,Sunday,8,4,15.0,8,14.8,0.2
1330,13,Sunday,8,5,4.5,1,3.03,1.47
1331,13,Sunday,8,6,10.0,3,9.68,0.32
1332,13,Sunday,8,7,8.0,10,9.54,1.54
1333,13,Sunday,8,8,30.0,4,84.44,54.44
1334,13,Sunday,8,9,4.0,5,2.61,1.39
1335,13,Sunday,8,10,12.0,2,31.53,19.53
1337,13,Sunday,8,12,15.0,6,36.84,21.84
1339,13,Sunday,9,2,6.0,6,9.22,3.22
1340,13,Sunday,9,3,20.0,8,32.52,12.52
1341,13,Sunday,9,4,1.2,2,0.66,0.54
1343,13,Sunday,9,6,10.0,4,26.75,16.75
1344,13,Sunday,9,7,20.0,5,7.37,12.63
1345,13,Sunday,9,8,10.0,7,19.03,9.03
1346,13,Sunday,9,9,30.0,10,74.37,44.37
1351,13,Sunday,9,14,4.0,1,6.07,2.07
1352,13,Sunday,9,15,6.0,3,15.44,9.44
1353,13,Sunday,9,16,4.5,9,22.88,18.38
1355,14,Wednesday,1,2,1.6,6,1.08,0.52
1356,14,Wednesday,1,3,3.0,2,2.66,0.34
1357,14,Wednesday,1,4,20.0,1,12.04,7.96
1358,14,Wednesday,1,5,4.0,3,10.21,6.21
1359,14,Wednesday,1,6,6.0,4,4.43,1.57
1361,14,Wednesday,1,8,15.0,5,10.44,4.56
1362,14,Wednesday,2,1,1.2,2,0.25,0.95
1363,14,Wednesday,2,2,30.0,4,21.52,8.48
1365,14,Wednesday,2,4,30.0,9,53.36,23.36
1366,14,Wednesday,2,5,12.0,5,28.55,16.55
1367,14,Wednesday,2,6,20.0,6,13.88,6.12
1368,14,Wednesday,2,7,15.0,3,8.38,6.62
1369,14,Wednesday,2,8,3.5,1,9.86,6.36
1373,14,Wednesday,2,12,30.0,8,54.62,24.62
1376,14,Wednesday,2,15,20.0,7,60.02,40.02
1378,14,Wednesday,3,1,30.0,7,28.63,1.37
1379,14,Wednesday,3,2,4.5,8,2.22,2.28
1380,14,Wednesday,3,3,6.0,1,7.61,1.61
1381,14,Wednesday,3,4,3.5,3,7.21,3.71
1382,14,Wednesday,3,5,10.0,4,13.21,3.21
1383,14,Wednesday,3,6,3.0,6,4.19,1.19
1384,14,Wednesday,3,7,12.0,9,22.97,10.97
1385,14,Wednesday,3,8,15.0,2,6.91,8.09
1386,14,Wednesday,3,9,4.0,5,4.62,0.62
1388,14,Wednesday,4,2,20.0,1,26.87,6.87
1389,14,Wednesday,4,3,15.0,3,11.02,3.98
1390,14,Wednesday,4,4,30.0,6,81.39,51.39
1391,14,Wednesday,4,5,15.0,4,34.98,19.98
1392,14,Wednesday,4,6,30.0,9,75.83,45.83
1393,14,Wednesday,4,7,1.8,2,0.98,0.82
1394,14,Wednesday,4,8,3.0,5,2.47,0.53
1395,14,Wednesday,4,9,30.0,8,82.73,52.73
1396,14,Wednesday,4,10,8.0,7,4.47,3.53
1397,14,Wednesday,4,11,20.0,10,30.59,10.59
1403,14,Wednesday,5,1,12.0,10,17.24,5.24
1404,14,Wednesday,5,2,15.0,8,12.14,2.86
1405,14,Wednesday,5,3,20.0,7,16.79,3.21
1406,14,Wednesday,5,4,15.0,3,19.18,4.18
1407,14,Wednesday,5,5,1.6,6,2.55,0.95
1408,14,Wednesday,5,6,3.5,2,3.28,0.22
1409,14,Wednesday,5,7,8.0,1,6.35,1.65
1411,14,Wednesday,5,9,30.0,9,18.3,11.7
1412,14,Wednesday,5,10,30.0,5,46.69,16.69
1413,14,Wednesday,5,11,5.0,4,3.33,1.67
1415,14,Wednesday,6,2,1.4,2,3.03,1.63
1416,14,Wednesday,6,3,20.0,7,13.68,6.32
1417,14,Wednesday,6,4,6.0,9,3.57,2.43
1418,14,Wednesday,6,5,3.0,6,2.32,0.68
1419,14,Wednesday,6,6,15.0,5,13.34,1.66
1420,14,Wednesday,6,7,30.0,4,36.3,6.3
1421,14,Wednesday,6,8,30.0,3,36.13,6.13
1422,14,Wednesday,6,9,6.0,1,4.63,1.37
1423,14,Wednesday,6,10,50.0,8,17.49,32.51
1424,14,Wednesday,7,1,3.0,4,4.56,1.56
1425,14,Wednesday,7,2,3.5,1,1.78,1.72
1427,14,Wednesday,7,4,20.0,5,28.28,8.28
1429,14,Wednesday,7,6,30.0,6,28.25,1.75
1430,14,Wednesday,7,7,8.0,3,5.49,2.51
1431,14,Wednesday,7,8,4.0,2,1.32,2.68
1433,14,Wednesday,8,2,30.0,12,56.14,26.14
1434,14,Wednesday,8,3,30.0,5,60.73,30.73
1435,14,Wednesday,8,4,20.0,9,31.04,11.04
1436,14,Wednesday,8,5,6.0,6,2.59,3.41
1437,14,Wednesday,8,6,12.0,1,12.88,0.88
1438,14,Wednesday,8,7,10.0,7,11.51,1.51
1439,14,Wednesday,8,8,30.0,10,53.41,23.41
1440,14,Wednesday,8,9,3.5,3,6.51,3.01
1441,14,Wednesday,8,10,2.5,2,2.35,0.15
1442,14,Wednesday,8,11,8.0,4,10.53,2.53
1443,14,Wednesday,8,12,8.0,8,7.82,0.18
1444,14,Wednesday,8,13,10.0,11,20.99,10.99
1449,15,Thursday,1,2,20.0,4,10.03,9.97
1451,15,Thursday,1,4,1.8,3,1.17,0.63
1452,15,Thursday,1,5,3.0,1,1.11,1.89
1454,15,Thursday,1,7,15.0,5,7.44,7.56
1455,15,Thursday,1,8,20.0,2,18.73,1.27
1456,15,Thursday,2,1,30.0,11,64.84,34.84
1457,15,Thursday,2,2,30.0,8,98.56,68.56
1458,15,Thursday,2,3,20.0,6,27.96,7.96
1459,15,Thursday,2,4,6.0,2,3.3,2.7
1460,15,Thursday,2,5,8.0,3,8.85,0.85
1461,15,Thursday,2,6,30.0,10,67.93,37.93
1462,15,Thursday,2,7,1.2,4,1.28,0.08
1463,15,Thursday,2,8,20.0,9,7.1,12.9
1465,15,Thursday,2,10,30.0,7,77.06,47.06
1466,15,Thursday,2,11,12.0,5,14.65,2.65
1467,15,Thursday,2,12,3.5,1,6.62,3.12
1471,15,Thursday,2,16,12.0,12,74.57,62.57
1472,15,Thursday,3,1,6.0,2,1.51,4.49
1473,15,Thursday,3,2,12.0,4,3.5,8.5
1476,15,Thursday,3,5,3.0,1,2.22,0.78
1477,15,Thursday,3,6,6.0,3,2.84,3.16
1478,15,Thursday,4,1,20.0,4,39.42,19.42
1479,15,Thursday,4,2,6.0,3,8.32,2.32
1480,15,Thursday,4,3,8.0,7,14.02,6.02
1481,15,Thursday,4,4,3.5,6,3.63,0.13
1482,15,Thursday,4,5,1.6,5,3.19,1.59
1483,15,Thursday,4,6,20.0,8,30.44,10.44
1484,15,Thursday,4,7,4.5,2,4.87,0.37
1485,15,Thursday,4,8,6.0,1,1.97,4.03
1486,15,Thursday,5,1,6.0,9,9.92,3.92
1487,15,Thursday,5,2,8.0,2,6.36,1.64
1488,15,Thursday,5,3,50.0,10,72.02,22.02
1489,15,Thursday,5,4,20.0,7,15.89,4.11
1490,15,Thursday,5,5,4.0,5,5.35,1.35
1491,15,Thursday,5,6,3.5,6,3.12,0.38
1492,15,Thursday,5,7,15.0,4,21.13,6.13
1493,15,Thursday,5,8,30.0,8,28.01,1.99
1494,15,Thursday,5,9,2.5,1,4.51,2.01
1495,15,Thursday,5,10,6.0,3,3.35,2.65
1496,15,Thursday,6,1,8.0,3,4.75,3.25
1497,15,Thursday,6,2,4.0,2,2.63,1.37
1498,15,Thursday,6,3,3.0,4,6.1,3.1
1499,15,Thursday,6,4,10.0,6,8.96,1.04
1500,15,Thursday,6,5,2.5,7,3.12,0.62
1501,15,Thursday,6,6,6.0,5,5.89,0.11
1502,15,Thursday,6,7,4.0,1,7.8,3.8
1503,15,Thursday,7,1,10.0,4,3.21,6.79
1505,15,Thursday,7,3,4.0,5,1.84,2.16
1506,15,Thursday,7,4,6.0,2,6.15,0.15
1507,15,Thursday,7,5,4.5,3,7.73,3.23
1509,15,Thursday,7,7,3.0,1,1.87,1.13
1510,15,Thursday,8,1,12.0,4,4.08,7.92
1511,15,Thursday,8,2,20.0,6,50.58,30.58
1513,15,Thursday,8,4,3.0,3,4.7,1.7
1514,15,Thursday,8,5,4.0,2,4.82,0.82
1515,15,Thursday,8,6,15.0,9,27.45,12.45
1517,15,Thursday,8,8,12.0,7,13.23,1.23
1518,15,Thursday,8,9,2.0,1,2.33,0.33
1519,15,Thursday,8,10,30.0,5,54.26,24.26
1520,15,Thursday,8,11,8.0,8,3.9,4.1
1522,15,Thursday,9,1,4.5,6,2.67,1.83
1523,15,Thursday,9,2,15.0,9,14.52,0.48
1524,15,Thursday,9,3,12.0,7,25.44,13.44
1525,15,Thursday,9,4,30.0,2,28.27,1.73
1526,15,Thursday,9,5,6.0,5,10.59,4.59
1527,15,Thursday,9,6,12.0,8,37.36,25.36
1528,15,Thursday,9,7,15.0,4,16.05,1.05
1529,15,Thursday,9,8,8.0,3,5.48,2.52
1530,15,Thursday,9,9,8.0,10,4.64,3.36
1531,15,Thursday,9,10,4.0,1,2.57,1.43
1533,16,Friday,1,1,30.0,8,37.08,7.08
1534,16,Friday,1,2,30.0,4,70.49,40.49
1535,16,Friday,1,3,20.0,7,39.2,19.2
1536,16,Friday,1,4,4.0,3,2.34,1.66
1537,16,Friday,1,5,12.0,10,16.57,4.57
1538,16,Friday,1,6,10.0,11,10.74,0.74
1539,16,Friday,1,7,1.4,1,1.06,0.34
1540,16,Friday,1,8,20.0,2,28.84,8.84
1541,16,Friday,1,9,10.0,6,6.63,3.37
1542,16,Friday,1,10,15.0,9,36.81,21.81
1543,16,Friday,1,11,20.0,5,98.8,78.8
1545,16,Friday,2,1,8.0,5,14.69,6.69
1547,16,Friday,2,3,30.0,3,53.93,23.93
1548,16,Friday,2,4,2.5,7,2.25,0.25
1549,16,Friday,2,5,15.0,4,6.99,8.01
1550,16,Friday,2,6,20.0,6,36.46,16.46
1551,16,Friday,2,7,0.8,1,0.66,0.14
1552,16,Friday,2,8,20.0,8,27.48,7.48
1553,16,Friday,2,9,30.0,2,66.59,36.59
1554,16,Friday,3,1,15.0,9,35.54,20.54
1555,16,Friday,3,2,3.5,2,2.93,0.57
1556,16,Friday,3,3,2.5,5,1.73,0.77
1557,16,Friday,3,4,15.0,8,34.8,19.8
1558,16,Friday,3,5,12.0,3,9.37,2.63
1559,16,Friday,3,6,10.0,6,16.92,6.92
1560,16,Friday,3,7,6.0,4,6.59,0.59
1562,16,Friday,3,9,4.5,1,3.76,0.74
1564,16,Friday,3,11,30.0,7,44.93,14.93
1566,16,Friday,4,1,12.0,8,12.63,0.63
1567,16,Friday,4,2,3.0,5,3.3,0.3
1568,16,Friday,4,3,4.5,9,13.57,9.07
1569,16,Friday,4,4,6.0,6,10.81,4.81
1570,16,Friday,4,5,2.5,1,1.11,1.39
1571,16,Friday,4,6,15.0,7,41.29,26.29
1572,16,Friday,4,7,6.0,3,7.3,1.3
1573,16,Friday,4,8,20.0,4,50.18,30.18
1574,16,Friday,4,9,30.0,10,61.54,31.54
1575,16,Friday,4,10,15.0,2,11.61,3.39
1576,16,Friday,5,1,6.0,3,11.74,5.74
1577,16,Friday,5,2,6.0,5,4.11,1.89
1578,16,Friday,5,3,4.0,6,3.91,0.09
1579,16,Friday,5,4,12.0,8,12.31,0.31
1580,16,Friday,5,5,10.0,9,11.02,1.02
1581,16,Friday,5,6,15.0,4,7.56,7.44
1582,16,Friday,5,7,20.0,10,39.31,19.31
1583,16,Friday,5,8,4.5,2,3.36,1.14
1584,16,Friday,5,9,15.0,7,37.78,22.78
1585,16,Friday,5,10,3.5,1,5.31,1.81
1587,16,Friday,6,1,2.0,6,1.33,0.67
1588,16,Friday,6,2,3.0,1,2.34,0.66
1589,16,Friday,6,3,12.0,8,38.41,26.41
1590,16,Friday,6,4,6.0,5,5.7,0.3
1591,16,Friday,6,5,10.0,3,15.62,5.62
1592,16,Friday,6,6,8.0,4,21.45,13.45
1593,16,Friday,6,7,15.0,7,15.37,0.37
1594,16,Friday,6,8,4.5,2,7.07,2.57
1595,16,Friday,7,1,12.0,2,8.45,3.55
1596,16,Friday,7,2,6.0,3,2.9,3.1
1597,16,Friday,7,3,12.0,11,45.47,33.47
1599,16,Friday,7,5,8.0,8,21.12,13.12
1600,16,Friday,7,6,3.5,6,3.09,0.41
1601,16,Friday,7,7,20.0,5,43.15,23.15
1602,16,Friday,7,8,30.0,9,46.04,16.04
1603,16,Friday,7,9,1.8,4,2.37,0.57
1604,16,Friday,7,10,20.0,10,30.09,10.09
1605,16,Friday,7,11,20.0,7,14.97,5.03
1606,16,Friday,7,12,15.0,1,10.98,4.02
1607,16,Friday,8,1,15.0,1,3.46,11.54
1609,16,Friday,8,3,20.0,4,9.69,10.31
1610,16,Friday,8,4,10.0,2,4.23,5.77
1611,16,Friday,8,5,8.0,6,2.96,5.04
1614,16,Friday,8,8,4.0,3,1.5,2.5
1615,16,Friday,8,9,30.0,5,31.16,1.16
1616,16,Friday,9,1,10.0,8,16.44,6.44
1617,16,Friday,9,2,20.0,10,52.28,32.28
1618,16,Friday,9,3,8.0,5,10.51,2.51
1619,16,Friday,9,4,12.0,7,12.4,0.4
1620,16,Friday,9,5,4.5,1,3.82,0.68
1621,16,Friday,9,6,20.0,4,11.34,8.66
1622,16,Friday,9,7,6.0,9,4.31,1.69
1623,16,Friday,9,8,8.0,3,5.71,2.29
1624,16,Friday,9,9,20.0,6,53.5,33.5
1625,16,Friday,9,10,20.0,2,7.12,12.88
1626,16,Friday,9,11,5.0,11,7.8,2.8
1627,16,Friday,9,12,5.0,12,12.78,7.78
1628,16,Friday,10,1,30.0,9,51.71,21.71
1629,16,Friday,10,2,3.0,2,5.17,2.17
1630,16,Friday,10,3,4.5,6,4.26,0.24
1631,16,Friday,10,4,8.0,1,12.65,4.65
1632,16,Friday,10,5,20.0,8,31.03,11.03
1633,16,Friday,10,6,15.0,10,20.18,5.18
1634,16,Friday,10,7,10.0,7,7.19,2.81
1635,16,Friday,10,8,3.5,3,1.86,1.64
1636,16,Friday,10,9,8.0,4,20.97,12.97
1637,16,Friday,10,10,15.0,5,9.53,5.47
1638,16,Friday,10,11,8.0,11,16.6,8.6
